,Time,Data,Median,Mean
0,1,19.56984714679239,19.56984714679239,19.56984714679239
1,2,19.07877693385475,19.32431204032357,19.32431204032357
2,3,18.981960879493357,19.07877693385475,19.2101949867135
3,4,18.690590346415824,19.030368906674056,19.08029382663908
4,5,18.945822485155404,18.981960879493357,19.053399558342342
5,6,18.545073176950662,18.96389168232438,18.968678494777063
6,7,18.619960595598247,18.945822485155404,18.918861652037233
7,8,18.162137751493333,18.818206415785614,18.824271164469245
8,9,17.773893215356768,18.690590346415824,18.707562503456746
9,10,17.482645475307834,18.655275471007037,18.585070800641855
10,11,17.77175624622028,18.619960595598247,18.51113311387626
11,12,17.851175492458214,18.582516886274455,18.456136645424756
12,13,18.21335142131108,18.545073176950662,18.437460858954474
13,14,18.199690706366944,18.37921229913087,18.420477276626794
14,15,0.23972554007431868,18.21335142131108,17.20842716085663
15,16,0.24667727898191394,18.206521063839013,16.14831779323946
16,17,-0.028555192133600527,18.199690706366944,15.196737029393987
17,18,1.452875275852263,18.18091422893014,14.433189154197224
18,19,1.621080213955266,18.162137751493333,13.758867631026595
19,20,1.4917748051850825,18.00665662197577,13.145512989734518
20,21,1.148112415275018,17.851175492458214,12.574208200474542
21,22,1.1786753651919613,17.81253435390749,12.056229435234426
22,23,1.26817317631838,17.773893215356768,11.587183510933729
23,24,1.1387006679229683,17.772824730788525,11.151830059141615
24,25,1.1989666541864366,17.77175624622028,10.753715522943407
25,26,1.5548764161696145,17.627200860764056,10.399914018836723
26,27,1.629654461584655,17.482645475307834,10.075089590790352
27,28,3.112292319805669,10.297468897556751,9.826418259683754
28,29,3.46812243176395,3.46812243176395,9.607166679410659
29,30,3.7760183209552243,3.622070376359587,9.412795067462145
30,31,4.108021189101147,3.7760183209552243,9.2416733294505
31,32,4.507147053626997,3.942019755028186,9.093719383331015
32,33,4.191295641775451,4.108021189101147,8.945161088132362
33,34,3.7859910847204987,3.947006136910823,8.793420793914365
34,35,4.044537351793675,4.044537351793675,8.657738409853774
35,36,4.210464718393471,4.076279270447412,8.534203029535433
36,37,4.70521089594598,4.108021189101147,8.430716755654638
37,38,4.748863732867913,4.149658415438299,8.333825886633933
38,39,4.37136911737644,4.191295641775451,8.232224431011947
39,40,4.7279322656853715,4.200880180084461,8.144617126878781
40,41,4.49250226758922,4.210464718393471,8.055541154700988
41,42,4.557965652334643,4.290916917884955,7.972265547501789
42,43,4.196221108814842,4.210464718393471,7.884450560555581
43,44,4.389926060189707,4.290916917884955,7.805029549183629
44,45,3.9069098345106577,4.210464718393471,7.71840466663534
45,46,4.231984207550433,4.221224462971952,7.642612917524799
46,47,4.4925703729571245,4.231984207550433,7.575590735725487
47,48,4.024093161449035,4.221224462971952,7.501601202928061
48,49,4.506951200659339,4.231984207550433,7.440485896759311
49,50,4.23197184917622,4.231978028363326,7.376315615807649
50,51,4.282594098254615,4.231984207550433,7.315654409581119
51,52,3.9919140588968984,4.231978028363326,7.2517363259141145
52,53,4.308633055584933,4.231984207550433,7.1962060755305455
53,54,4.0600948009485345,4.231978028363326,7.138129940816064
54,55,4.166828662314981,4.23197184917622,7.084106281206953
55,56,3.8248412848670643,4.221218283784845,7.025905120558027
56,57,3.516523360844985,4.210464718393471,6.96433701951043
57,58,3.7785280623170148,4.203342913604157,6.909409278869164
58,59,3.620762009920368,4.196221108814842,6.853669494649694
59,60,3.6867463840387544,4.193758375295147,6.800887442806178
60,61,3.7607085454714495,4.191295641775451,6.751048444489216
61,62,3.43255943661619,4.179062152045216,6.6975244282332
62,63,3.4086112702134908,4.166828662314981,6.645319457470982
63,64,3.249399240037928,4.137424925708064,6.59225820407359
64,65,3.5142034753420055,4.108021189101147,6.544903515939258
65,66,2.101215622787584,4.084057995024841,6.477574911497567
66,67,2.5124508232466662,4.0600948009485345,6.418393954956508
67,68,2.1761998284699016,4.052316076371104,6.356008747214058
68,69,2.6589885405231057,4.044537351793675,6.302428744218537
69,70,2.5574442560310624,4.034315256621355,6.2489289658158595
70,71,2.3195800348766213,4.024093161449035,6.193586023126574
71,72,1.9375790370433787,4.008003610172967,6.13447481498653
72,73,1.8140658136197656,3.9919140588968984,6.075291130036301
73,74,1.9787718814466868,3.949411946703778,6.019932761812116
74,75,1.7850073683446315,3.9069098345106577,5.963467089899217
75,76,1.54937114949288,3.865875559688861,5.905386880157027
76,77,1.9630786142517247,3.8248412848670643,5.854188071508907
77,78,1.476382648678772,3.8054161847937813,5.798062360959803
78,79,1.0566820902133833,3.7859910847204987,5.7380448891782025
79,80,1.0518690231319414,3.7822595735187567,5.679467690852624
80,81,1.4381402248547013,3.7785280623170148,5.627105623371168
81,82,1.7539745941193545,3.7772731916361195,5.57987231813639
82,83,2.1287354994411603,3.7760183209552243,5.538292356465363
83,84,1.8689179025261238,3.768363433213337,5.494609327251801
84,85,2.019457447269534,3.7607085454714495,5.453725187487303
85,86,1.8976405988693676,3.723727464755102,5.412375366689421
86,87,1.9518053177035792,3.6867463840387544,5.372598699459698
87,88,2.370177463630453,3.6537541969795613,5.338480276325275
88,89,2.616608112957799,3.620762009920368,5.307897443029011
89,90,2.9865928755162168,3.5686426853826765,5.2821051700566475
90,91,2.7458073530816067,3.516523360844985,5.254233765474504
91,92,2.971875212612796,3.515363418093495,5.229425520334703
92,93,3.1221854212395828,3.5142034753420055,5.206767024645508
93,94,3.5437716745887546,3.515363418093495,5.189075584751287
94,95,3.7385617020554647,3.516523360844985,5.173807017565015
95,96,4.164891381100633,3.5301475177168697,5.163297479685178
96,97,4.345119379025948,3.5437716745887546,5.1548626539051865
97,98,4.429517374063592,3.5822668422545614,5.147461171457823
98,99,4.786384483951131,3.620762009920368,5.143813932190079
99,100,5.218282168399377,3.6537541969795613,5.144558614552171
100,101,4.857077239399508,3.6867463840387544,5.141712264303135
101,102,4.817101342062769,3.7126540430471096,5.13852980428117
102,103,5.000709773409623,3.7385617020554647,5.1371917457290195
103,104,5.050761399392265,3.749635123763457,5.136360684706551
104,105,5.208818895246477,3.7607085454714495,5.137050762902169
105,106,4.970569948225658,3.768363433213337,5.135480189178805
106,107,4.581712404948691,3.7760183209552243,5.130304789326188
107,108,4.654630218262592,3.7772731916361195,5.125900395149673
108,109,5.0689541879465665,3.7785280623170148,5.125377952881755
109,110,4.934099834761269,3.7822595735187567,5.123639060898841
110,111,4.499458495899856,3.7859910847204987,5.118015812565517
111,112,4.571743919359146,3.8054161847937813,5.113138384947603
112,113,4.92106026849568,3.8248412848670643,5.11143857860732
113,114,4.636423423400293,3.865875559688861,5.107271779000241
114,115,4.91210207309584,3.9069098345106577,5.1055746511228115
115,116,4.799272449118912,3.949411946703778,5.10293411489864
116,117,4.765893836569698,3.9919140588968984,5.100053428759077
117,118,5.095074132980857,4.008003610172967,5.100011231337227
118,119,4.948677653302932,4.024093161449035,5.0987395205974435
119,120,4.46426308474154,4.034315256621355,5.093452216965312
120,121,4.544644015927351,4.044537351793675,5.088916611998055
121,122,4.447557935820818,4.052316076371104,5.083659573668734
122,123,4.53901317547282,4.0600948009485345,5.079231554171206
123,124,4.635046106227835,4.084057995024841,5.075649413461985
124,125,5.103542028951248,4.108021189101147,5.075872554385899
125,126,4.726715933959986,4.1364562851008895,5.0731014700968045
126,127,4.435448900431087,4.164891381100633,5.068080583721484
127,128,4.2491217261608005,4.1658600217078074,5.061682467646791
128,129,4.13567886848586,4.164891381100633,5.054504145172675
129,130,4.101149769322786,4.150285124793246,5.04717064997383
130,131,4.286754365091243,4.164891381100633,5.041365945509078
131,132,3.940946070148061,4.150285124793246,5.033029431301797
132,133,4.212502905953916,4.164891381100633,5.02686005893076
133,134,4.565273790018847,4.1658600217078074,5.0234153852821635
134,135,4.6385505362314765,4.166828662314981,5.0205645345484555
135,136,4.192622165508456,4.179062152045216,5.014476723011397
136,137,4.114108483142267,4.166828662314981,5.0079046920634465
137,138,3.7367780823707406,4.1658600217078074,4.998693629674369
138,139,3.2643098630989424,4.164891381100633,4.986216048619869
139,140,3.021595141549724,4.150285124793246,4.972183042140797
140,141,3.2670943222839632,4.13567886848586,4.9600902143403935
141,142,2.9182751183547175,4.1248936758140635,4.945711234791198
142,143,2.545132866767493,4.114108483142267,4.928923973476348
143,144,2.0679047581371144,4.111064836121708,4.909055784480937
144,145,2.2106845994780095,4.108021189101147,4.89044632803264
145,146,1.7605391033689477,4.104585479211966,4.869008607315766
146,147,1.8861621507870023,4.101149769322786,4.8487171348223725
147,148,1.5937190999713344,4.080622285135661,4.826723904857162
148,149,1.3566474268420097,4.0600948009485345,4.803434800977866
149,150,1.584039572095005,4.052316076371104,4.7819721661186465
150,151,1.6034326850609568,4.044537351793675,4.760922235780516
151,152,2.072281043566547,4.034315256621355,4.743233806884372
152,153,2.0788564489677683,4.024093161449035,4.725819575786877
153,154,1.7470487676199415,4.008003610172967,4.7064769082013775
154,155,1.922898302882131,3.9919140588968984,4.688518336554157
155,156,1.4517013147551743,3.9664300645224797,4.667769509491342
156,157,1.3911570198563636,3.940946070148061,4.646899366245259
157,158,1.162715450454609,3.9239279523293593,4.624847569309876
158,159,1.3124788018770421,3.9069098345106577,4.6040150613386
159,160,1.4866970506753474,3.865875559688861,4.584531823771956
160,161,1.3470428927712197,3.8248412848670643,4.56442319687133
161,162,1.3422806756573002,3.8054161847937813,4.544533428221861
162,163,1.8150182438408815,3.7859910847204987,4.527787936293143
163,164,2.0146090597155384,3.7822595735187567,4.512463674850597
164,165,1.9243609034356084,3.7785280623170148,4.496778203508688
165,166,1.8151761758228568,3.7772731916361195,4.480623974426243
166,167,1.9441254211319372,3.7760183209552243,4.465435360334661
167,168,1.943923206475875,3.768363433213337,4.4504263594188345
168,169,2.097542188709377,3.7607085454714495,4.436503967876175
169,170,2.383408974769136,3.749635123763457,4.424426938504958
170,171,1.9163748171982988,3.7385617020554647,4.409759967035328
171,172,2.1642513615363894,3.737669892213103,4.396704684445218
172,173,2.5964555698672833,3.7367780823707406,4.386298620199102
173,174,3.001010913962848,3.7117622332047473,4.378337196600044
174,175,3.3407535250167237,3.6867463840387544,4.372408147048138
175,176,2.8822576020377113,3.6537541969795613,4.363941382587853
176,177,2.630739036112684,3.620762009920368,4.35414927893545
177,178,2.538387508750863,3.5822668422545614,4.343948370114188
178,179,2.2090159205938282,3.5437716745887546,4.332021373189494
179,180,1.9648511825018078,3.5301475177168697,4.318870427685673
180,181,1.620002632313592,3.516523360844985,4.303959555888037
181,182,1.1541209670435875,3.515363418093495,4.2866527504548255
182,183,1.6250882096362924,3.5142034753420055,4.272108681925762
183,184,1.2863210161920555,3.491162953552978,4.255881575046774
184,185,1.4794018881496753,3.46812243176395,4.240873576739223
185,186,1.0839392775799364,3.45034093419007,4.22390081168998
186,187,1.01535897327125,3.43255943661619,4.206742833944425
187,188,1.423031263200824,3.4205853534148405,4.1919358575042995
188,189,1.3172189655471722,3.4086112702134908,4.176725715218812
189,190,1.6261531987422801,3.374682397615107,4.16330164934262
190,191,2.045573905931433,3.3407535250167237,4.1522140695341845
191,192,1.6245358761936357,3.3039239236503435,4.139049078943869
192,193,1.5075327914270047,3.2670943222839632,4.125414279526683
193,194,1.3853361753708577,3.265702092691453,4.111290165587736
194,195,1.0688338232697103,3.2643098630989424,4.09568782537072
195,196,0.5948622182405148,3.256854551568435,4.077826470232301
196,197,0.2681365441957672,3.249399240037928,4.058487942688968
197,198,-0.21605957153275174,3.1857923306387557,4.036899318879768
198,199,-0.42081753711283426,3.1221854212395828,4.014498731663725
199,200,0.04931657858376198,3.117238870522626,3.994672820898325
200,201,0.4482158252193605,3.112292319805669,3.9770287562432056
201,202,0.4949288007913937,3.0669437306776963,3.95979063765186
202,203,0.5277999729102687,3.021595141549724,3.942884279697468
203,204,0.5582290076310348,3.011303027756286,3.9262928322853776
204,205,0.7687384906203714,3.001010913962848,3.910890128179695
205,206,0.8314484496666279,2.9938018947395326,3.8959413821674955
206,207,0.9533331210834917,2.9865928755162168,3.881725883321679
207,208,0.9201297812792109,2.9792340440645066,3.867487440523398
208,209,0.606321226153519,2.971875212612796,3.8518837744259344
209,210,0.35813144778986866,2.9450751654837566,3.8352468585848105
210,211,0.024111743755861836,2.9182751183547175,3.8171846068557636
211,212,-0.27459979143258556,2.9002663601962144,3.7978837370525165
212,213,-0.5274273322799549,2.8822576020377113,3.7775771123138666
213,214,-0.24092647209774504,2.814032477559659,3.758799058181102
214,215,-0.6104497701130281,2.7458073530816067,3.738476970607641
215,216,-0.6309891423531672,2.702397946802356,3.7182479608254146
216,217,-0.16022092197262072,2.6589885405231057,3.700374832333258
217,218,-0.12094172097743278,2.644863788317895,3.6828458573180716
218,219,0.1953979133364156,2.630739036112684,3.6669214374825385
219,220,0.6407014028482381,2.6236735745352417,3.6531658918705645
220,221,0.3485647382140955,2.616608112957799,3.6382129454739287
221,222,-0.06545944118261837,2.606531841412541,3.6215297365250256
222,223,0.1211321643712947,2.5964555698672833,3.6058328864256812
223,224,-0.17147402082444285,2.576949912949173,3.5889699091611718
224,225,-0.08164110097476679,2.5574442560310624,3.5726560824494564
225,226,-0.5786187466033799,2.5512885613992777,3.554287609754532
226,227,-0.6590003705869123,2.545132866767493,3.5357268697530277
227,228,2.284000162218977,2.541760187759178,3.5302368403340187
228,229,2.781834386112578,2.545132866767493,3.526968707346152
229,230,3.2505071171905127,2.5512885613992777,3.525766700432432
230,231,3.6174915787506823,2.5574442560310624,3.5261637778277493
231,232,3.1257807281919154,2.576949912949173,3.524437988820698
232,233,3.2296549283577796,2.5964555698672833,3.523172825471072
233,234,3.100344219532627,2.606531841412541,3.5213658656166342
234,235,3.430811587694835,2.616608112957799,3.5209805282637756
235,236,3.469579840484776,2.6236735745352417,3.5207627287392884
236,237,3.077993405635948,2.630739036112684,3.5188945037472914
237,238,3.159584329336062,2.644863788317895,3.5173847971321184
238,239,3.3783798802964777,2.6589885405231057,3.5168031866014253
239,240,3.109700496016282,2.702397946802356,3.515106925390654
240,241,2.9361682666100424,2.7458073530816067,3.5127046902919794
241,242,3.385445923266711,2.763820869597092,3.5121788276183215
242,243,3.128078733182814,2.781834386112578,3.510598168793484
243,244,3.2012539678454255,2.832045994075145,3.509330364691238
244,245,3.0432125731804254,2.8822576020377113,3.5074278430932346
245,246,3.241023041443653,2.9002663601962144,3.5063448967450657
246,247,3.092995122273487,2.9182751183547175,3.50467141587676
247,248,3.5883084167294954,2.92722169248238,3.50500866184794
248,249,3.896796809696551,2.9361682666100424,3.5065821082248423
249,250,3.849336504491298,2.9540217396114192,3.507953125809908
250,251,3.400991385412419,2.971875212612796,3.507526983417886
251,252,2.9958115261390152,2.9792340440645066,3.5054963665239223
252,253,3.4143145439421296,2.9865928755162168,3.505135964063125
253,254,3.790442218295795,2.9912022008276162,3.506259217032545
254,255,4.204231482818605,2.9958115261390152,3.508996363172882
255,256,4.6625018111126195,2.9984112200509316,3.513502243828897
256,257,4.287031601247675,3.001010913962848,3.5165120856865575
257,258,3.922778142100129,3.011303027756286,3.5180867603238197
258,259,4.233468787672902,3.021595141549724,3.520848853093507
259,260,4.080478381706708,3.0324038573650745,3.523001274357404
260,261,4.337411302722728,3.0432125731804254,3.52612161929367
261,262,4.2918653966086335,3.0606029894081868,3.529044305466628
262,263,4.3897755400113,3.077993405635948,3.5323170478032995
263,264,4.8108633205956215,3.0854942639547174,3.5371600261093312
264,265,4.570204823243772,3.092995122273487,3.5410583083626688
265,266,4.296627092814971,3.096669670903057,3.5438987925147454
266,267,3.90804156158307,3.100344219532627,3.545262623110507
267,268,3.6224667086535036,3.1050223577744545,3.545550698056563
268,269,3.6853353521073755,3.109700496016282,3.5460703436106553
269,270,3.8920590695397435,3.1109964079109753,3.5473517833363184
270,271,3.7384420587857377,3.112292319805669,3.5480569135040283
271,272,3.8224821650733167,3.117238870522626,3.549065829870092
272,273,4.200836323610203,3.1221854212395828,3.5514532675761
273,274,4.499805405259588,3.123983074715749,3.554914406764726
274,275,4.172311905800914,3.1257807281919154,3.557159488579403
275,276,4.039439369791248,3.1269297306873645,3.558906879453359
276,277,3.6559248733478906,3.128078733182814,3.559257124918682
277,278,4.135606102329097,3.143831531259438,3.5613303226791513
278,279,4.137126252312603,3.159584329336062,3.563394107373178
279,280,4.559971564927892,3.180419148590744,3.5669533125787303
280,281,4.631338212749506,3.2012539678454255,3.570741159198555
281,282,4.822909376466257,3.2154544481016023,3.5751814720257453
282,283,5.180583219058386,3.2296549283577796,3.58085426971844
283,284,4.97129897309614,3.235338984900716,3.585750201772587
284,285,5.064781301643002,3.241023041443653,3.59093978457915
285,286,4.722484309854276,3.245211140740791,3.594896233968224
286,287,4.328570160680779,3.249399240037928,3.597452589113564
287,288,4.283599622753363,3.2499531786142204,3.59983504409148
288,289,4.753544338911327,3.2505071171905127,3.6038271177759778
289,290,4.512372736865195,3.2574084901447273,3.6069600337038716
290,291,4.4670543239367815,3.2643098630989424,3.6099156841857716
291,292,4.735610377040554,3.265702092691453,3.613770802996918
292,293,4.753417918222717,3.2670943222839632,3.617660383594959
293,294,4.270874187894609,3.3039239236503435,3.6198821992558416
294,295,4.463138661801925,3.3407535250167237,3.6227406957390484
295,296,4.402102680643402,3.3595667026566005,3.625373675417779
296,297,4.364236039391562,3.3783798802964777,3.6278614274850307
297,298,4.305715225719297,3.381912901781594,3.6301361046603136
298,299,4.399975666143072,3.385445923266711,3.632710818912764
299,300,4.271706043843025,3.393218654339565,3.634840802995865
300,301,4.353657606270132,3.400991385412419,3.6372288986878063
301,302,4.5903874415885015,3.404801327812955,3.6403850528033717
302,303,4.636335201655625,3.4086112702134908,3.643672016991003
303,304,4.923590191983764,3.4114629070778104,3.647882274145584
304,305,4.619112023608616,3.4143145439421296,3.6510666339798887
305,306,4.656513696966526,3.4225630658184825,3.654352408695532
306,307,4.226789774600584,3.430811587694835,3.656217025522584
307,308,4.347384532236195,3.4316855121555125,3.6584610758690568
308,309,4.591849613224523,3.43255943661619,3.6614817507472295
309,310,4.655361888579403,3.45034093419007,3.6646878157079783
310,311,5.133722731545041,3.46812243176395,3.669411400646361
311,312,5.213553732954076,3.4688511361243632,3.6743605747883734
312,313,5.499606326434563,3.469579840484776,3.68019203086392
313,314,5.576108372549591,3.4918916579133907,3.686229980996677
314,315,6.047128364754436,3.5142034753420055,3.69372489650067
315,316,6.396400035244244,3.515363418093495,3.7022776659270735
316,317,6.252163048132841,3.516523360844985,3.7103214683945995
317,318,6.540075057213522,3.5301475177168697,3.719220064585854
318,319,6.55099614454733,3.5437716745887546,3.728097105588868
319,320,6.94714035612833,3.566040045659125,3.738156615746804
320,321,7.220493767865381,3.5883084167294954,3.7490050180898526
321,322,7.476585883780306,3.6028999977400886,3.7605813561820587
322,323,7.22292757972145,3.6174915787506823,3.7713006943354315
323,324,6.755634302647207,3.619126794335525,3.7805116005339245
324,325,6.9828243635862295,3.620762009920368,3.790364870574085
325,326,7.0569380440063805,3.621614359286936,3.800385033682773
326,327,6.718055687736713,3.6224667086535036,3.809307573909238
327,328,6.412309244448173,3.639195791000697,3.8172435546121
328,329,6.7728126596761085,3.6559248733478906,3.82622704733266
329,330,6.811454808813051,3.670630112727633,3.835273192064419
330,331,6.789344002745011,3.6853353521073755,3.844197877293061
331,332,6.375047948954583,3.686040868073065,3.851820919677584
332,333,6.4051051359034235,3.6867463840387544,3.8594884398464298
333,334,6.638282493477112,3.7117622332047473,3.867808182521971
334,335,6.810312861701316,3.7367780823707406,3.8765917785792228
335,336,6.4277851779144015,3.7376100705782394,3.8841846160772437
336,337,6.426525349305477,3.7384420587857377,3.8917286538613034
337,338,5.950030599767637,3.738501880420601,3.897818304588837
338,339,5.536863309572988,3.7385617020554647,3.9026532456064893
339,340,5.134666058716697,3.749635123763457,3.906276812703872
340,341,5.224223758376804,3.7607085454714495,3.9101417597586314
341,342,5.476530498629252,3.768363433213337,3.9147218437904168
342,343,5.285568068384632,3.7760183209552243,3.918718480013724
343,344,5.734739817865262,3.7772731916361195,3.923997611809804
344,345,5.74308353423834,3.7785280623170148,3.9292703246284377
345,346,5.25647982780602,3.7822595735187567,3.9331061902445583
346,347,5.67066908728876,3.7859910847204987,3.938113576115003
347,348,5.9818400851391695,3.788216651508147,3.9439863534397848
348,349,6.1339745323351,3.790442218295795,3.9502613912016624
349,350,5.911002034499222,3.806462191684556,3.9558635073253696
350,351,6.02849421237955,3.8224821650733167,3.961768438109
351,352,6.365266613193132,3.8236617249701905,3.96859655792458
352,353,6.447636774176624,3.8248412848670643,3.975619334741158
353,354,6.6578220005560445,3.837088894679181,3.9831961784299006
354,355,6.5288053039194445,3.849336504491298,3.9903669083608566
355,356,6.728733729822374,3.870697787015521,3.9980589499941757
356,357,6.810183283523603,3.8920590695397435,4.005936048967648
357,358,6.373681631759873,3.894427939618147,4.012549863444721
358,359,6.4989540226267355,3.896796809696551,4.019475780322665
359,360,6.422712873722345,3.9018533221036042,4.026151438915442
360,361,6.149083651671149,3.9069098345106577,4.032032137565735
361,362,6.527445063980139,3.9074756980468637,4.038925543439808
362,363,6.5635109067206985,3.90804156158307,4.045880324054907
363,364,0.5188660488154256,3.9074756980468637,4.036190724397655
364,365,0.5369714422882552,3.9069098345106577,4.02660382225489
365,366,0.060109122703209006,3.9018533221036042,4.015766405042999
366,367,-0.05796016188028824,3.896796809696551,4.004666332653563
367,368,0.17680765894942396,3.894427939618147,3.9942645427793666
368,369,0.47537979613176123,3.8920590695397435,3.9847282697532216
369,370,0.04728814232288037,3.870697787015521,3.9740865396790857
370,371,0.485954141763927,3.849336504491298,3.9646845655607157
371,372,0.036808613402386114,3.837088894679181,3.9541257592377095
372,373,0.23547009502077904,3.8248412848670643,3.9441561730065646
373,374,0.2857924992566993,3.8236617249701905,3.9343744519537576
374,375,-0.1134653692282051,3.8224821650733167,3.923580212430606
375,376,-0.5158272880881635,3.806462191684556,3.911773277588801
376,377,-0.5456153645669681,3.790442218295795,3.8999499655406424
377,378,-0.9071579361542678,3.788216651508147,3.8872327488694918
378,379,-0.4201230601032098,3.7859910847204987,3.8758676939645507
379,380,-0.9187131592416792,3.7822595735187567,3.863250375929798
380,381,-0.9454610512989132,3.7785280623170148,3.8506290860945516
381,382,-1.0236392942698744,3.7772731916361195,3.8378692212244876
382,383,-0.9313918133647473,3.7760183209552243,3.8254168425440978
383,384,-0.6349888627634849,3.768363433213337,3.8138012026865256
384,385,-0.9449002320674167,3.7607085454714495,3.8014409392196327
385,386,-0.581338627732489,3.749635123763457,3.790086588009912
386,387,-0.46342849054803936,3.7385617020554647,3.7790955929748784
387,388,-0.12586884900648415,3.738501880420601,3.7690312516295656
388,389,-0.19722341397008636,3.7384420587857377,3.758835224211572
389,390,0.0680001467953878,3.7376100705782394,3.7493715445258893
390,391,0.35237078334885324,3.7367780823707406,3.740683563039503
391,392,0.7165675044385797,3.7117622332047473,3.7329689812573577
392,393,0.30609782884673126,3.6867463840387544,3.7242492073326487
393,394,-0.17616780844070107,3.686040868073065,3.7143496717596203
394,395,-0.3719801239869244,3.6853353521073755,3.704004533036211
395,396,-0.5156803616245969,3.670630112727633,3.693348763100199
396,397,-0.05268182822087786,3.6559248733478906,3.68391291778201
397,398,-0.039348755637434174,3.639195791000697,3.6745579889543225
398,399,-0.2982887492204502,3.6224667086535036,3.6646009795854635
399,400,-0.22258840031360438,3.621614359286936,3.654883006135716
400,401,0.06709475240848295,3.620762009920368,3.645935903258591
401,402,0.31330816470282014,3.619126794335525,3.637645784505965
402,403,0.6405337271139437,3.6174915787506823,3.6302087818821636
403,404,0.689057543930683,3.6028999977400886,3.622928704560501
404,405,1.0415772339876,3.5883084167294954,3.6165549972257534
405,406,0.6173385509161541,3.566040045659125,3.609167764599375
406,407,0.7542481534013841,3.5437716745887546,3.6021532201001176
407,408,0.4883332041589766,3.5301475177168697,3.5945213082963403
408,409,0.6979544595223113,3.516523360844985,3.587439237761441
409,410,0.5274544781276558,3.515363418093495,3.57997586029892
410,411,0.5971913440570817,3.5142034753420055,3.572718477047723
411,412,0.17254761414603298,3.4918916579133907,3.564465635147476
412,413,0.18771198997803307,3.469579840484776,3.5562894762003348
413,414,-0.09421303590710689,3.4688511361243632,3.5474718372822007
414,415,0.00044455809209636987,3.46812243176395,3.538924783597405
415,416,0.38519057724897854,3.45034093419007,3.5313436917552212
416,417,-0.02126274384592841,3.43255943661619,3.5228242518616937
417,418,0.3877541319737722,3.4316855121555125,3.515324084110765
418,419,0.850251413434512,3.430811587694835,3.508963528810822
419,420,0.3736418965329398,3.4225630658184825,3.5014984773053985
420,421,0.7188609647354323,3.4143145439421296,3.4948888870142585
421,422,0.4651474886450851,3.4114629070778104,3.487709405027602
422,423,0.4203099429485347,3.4086112702134908,3.4804578696562563
423,424,0.2546939978617164,3.404801327812955,3.4728499359963636
424,425,0.47785875024238766,3.400991385412419,3.4658028979122366
425,426,0.7841546530949827,3.393218654339565,3.4595079489807405
426,427,0.3396959585163749,3.385445923266711,3.452201597715016
427,428,0.346209402221381,3.381912901781594,3.444944606604049
428,429,0.5558536779029654,3.3783798802964777,3.4382101289147693
429,430,0.5973775208797717,3.3595667026566005,3.4316035414542227
430,431,0.9306929590645208,3.3407535250167237,3.425800964696938
431,432,1.1084356766626604,3.3039239236503435,3.4204366931968586
432,433,1.0578952116921168,3.2670943222839632,3.414980477304238
433,434,1.2209897199212123,3.265702092691453,3.4099251990614197
434,435,1.4332416740653666,3.2643098630989424,3.4053810990039572
435,436,1.103180655325482,3.2574084901447273,3.4001008227569884
436,437,0.9149765301376049,3.2505071171905127,3.3944140394786833
437,438,0.9270446476646537,3.2499531786142204,3.388780776027053
438,439,0.5564917596422806,3.249399240037928,3.382329092618432
439,440,0.3048998377691041,3.245211140740791,3.3753349352210473
440,441,0.6239557599607561,3.241023041443653,3.3690959801751057
441,442,0.6609873128008885,3.235338984900716,3.362969037488739
442,443,0.3024895503309552,3.2296549283577796,3.356060505915019
443,444,0.3813544541647717,3.2154544481016023,3.3493607175101756
444,445,0.3260795515438667,3.2012539678454255,3.3425668272495774
445,446,0.29856237086769355,3.180419148590744,3.335741705150067
446,447,0.05659359658093649,3.159584329336062,3.3284058033411874
447,448,-0.09327499003996015,3.143831531259438,3.3207681229988184
448,449,1.5815407053868602,3.128078733182814,3.3168945652758524
449,450,1.4842876009071546,3.1269297306873645,3.312822105355033
450,451,1.219948821165967,3.1257807281919154,3.30818158809519
451,452,1.6986042420223677,3.123983074715749,3.3046205762675953
452,453,2.1109716397389375,3.1221854212395828,3.301985589652742
453,454,2.048124211216556,3.117238870522626,3.2992237804491378
454,455,2.264196788094402,3.112292319805669,3.296948995850556
455,456,2.045839933982086,3.1109964079109753,3.29420533562716
456,457,2.063034993761871,3.109700496016282,3.2915113086208905
457,458,2.0712997664756854,3.1050223577744545,3.288847091279962
458,459,1.6423061832483927,3.100344219532627,3.285259856186211
459,460,1.5197416196723195,3.096669670903057,3.2814217730633546
460,461,1.1102804153142523,3.092995122273487,3.2767121388816864
461,462,0.8429739138174184,3.0854942639547174,3.271444307225703
462,463,0.696101751584237,3.077993405635948,3.2658820122891123
463,464,0.3712202996018419,3.0606029894081868,3.2596435172186657
464,465,-0.08337604717771802,3.0432125731804254,3.2524542278328665
465,466,-0.5015720840501317,3.0324038573650745,3.244398377378182
466,467,-0.5856219544561141,3.021595141549724,3.2361970490444896
467,468,-0.25303760865393926,3.011303027756286,3.2287414194340225
468,469,-0.6369446396897767,3.001010913962848,3.220499018455081
469,470,-1.1262271039493665,2.9984112200509316,3.2112506650031563
470,471,-1.2917065359563207,2.9958115261390152,3.2016902463174675
471,472,-0.9631340547021703,2.9912022008276162,3.1928664660186974
472,473,-0.7454182220567853,2.9865928755162168,3.1845402827458105
473,474,-0.6733026906371173,2.9792340440645066,3.1764013735192638
474,475,-0.8880091041608639,2.971875212612796,3.167844719882043
475,476,-1.1191455584015562,2.9540217396114192,3.158838437784808
476,477,-1.574400715294398,2.9361682666100424,3.148915504549841
477,478,-1.3133332597780343,2.92722169248238,3.139580256088904
478,479,-1.4899679313547605,2.9182751183547175,3.129915228557706
479,480,-1.7990476580453467,2.9002663601962144,3.1196465558772832
480,481,-2.1183467896646957,2.8822576020377113,3.1087567568221024
481,482,-2.133610339728899,2.832045994075145,3.0978804765388017
482,483,-2.4830197452117635,2.781834386112578,3.086325817694598
483,484,-2.6669422415044384,2.763820869597092,3.074438900216914
484,485,-2.5033459671768576,2.7458073530816067,3.0629383128614633
485,486,-2.653835819331776,2.702397946802356,3.05117540312444
486,487,-3.0029500408805267,2.6589885405231057,3.038743934040241
487,488,-3.0221659103005547,2.644863788317895,3.026324036818231
488,489,-3.1013957751932573,2.630739036112684,3.0137929124582894
489,490,-2.7000078922774717,2.6236735745352417,3.002132094489441
490,491,-2.9576925568392376,2.616608112957799,2.989993958743354
491,492,-2.794186355596886,2.606531841412541,2.978237494689817
492,493,-2.4848564710691363,2.5964555698672833,2.9671561681872634
493,494,-2.8765222574543245,2.576949912949173,2.9553268596333333
494,495,-2.6261562239489615,2.5574442560310624,2.9440511362321566
495,496,-2.4640589877097394,2.5512885613992777,2.933147688401629
496,497,-2.7041189564586805,2.545132866767493,2.9218050995789726
497,498,-2.3675604456037225,2.541760187759178,2.9111838836247905
498,499,-2.179791414911409,2.538387508750863,2.9009815283171023
499,500,-2.292186314847541,2.5254191659987644,2.890595192630773
500,501,-2.6114403309521634,2.5124508232466662,2.879613085797274
501,502,-2.4837329198457447,2.4479298990079013,2.868929129610734
502,503,-2.2960271952036173,2.383408974769136,2.8586608267781015
503,504,-2.395283597297328,2.3767932191997945,2.84823633387319
504,505,-2.33573856075621,2.370177463630453,2.837971037052142
505,506,-2.66896311998763,2.344878749253537,2.827087767967083
506,507,-2.77401011640694,2.3195800348766213,2.8160402376231497
507,508,-3.0253450101674093,2.3017900985477993,2.804541447765294
508,509,-3.2556197706052874,2.284000162218977,2.7926354335838193
509,510,-2.7864587019940217,2.2740984751566895,2.7816960333179805
510,511,-3.2603331698209064,2.264196788094402,2.769872101413599
511,512,-3.693308574787238,2.2374406937862057,2.757248701655395
512,513,-3.352343033184206,2.2106845994780095,2.7453391661098983
513,514,-3.09981739661118,2.209850260035919,2.7339672661824257
514,515,-3.0459561253889484,2.2090159205938282,2.722744113965782
515,516,-3.1684197131944907,2.192607874531865,2.711327129804619
516,517,-3.0902976968368154,2.1761998284699016,2.7001054183410957
517,518,-3.4414740107778967,2.1702255950031457,2.6882490873968505
518,519,-3.4914311739788024,2.1642513615363894,2.676342189012697
519,520,-3.8103565999452322,2.146493430488775,2.663867768264701
520,521,-4.149499090863271,2.1287354994411603,2.65079028868864
521,522,2.776254329140358,2.146493430488775,2.651030641256555
522,523,2.869592879757035,2.1642513615363894,2.6514485422861926
523,524,2.804026163425239,2.1702255950031457,2.6517397209524884
524,525,3.1987282617448334,2.1761998284699016,2.6527816038873313
525,526,3.3396608314981187,2.192607874531865,2.6540874579322185
526,527,3.720162859285789,2.2090159205938282,2.656110371407273
527,528,3.314618629678032,2.209850260035919,2.657357546138847
528,529,3.678233561790492,2.2106845994780095,2.659287368474672
529,530,3.610844315391902,2.2374406937862057,2.6610827589405535
530,531,3.5479277238927063,2.264196788094402,2.6627529001174874
531,532,4.000882811390994,2.2740984751566895,2.6652681819055957
532,533,4.192552935877941,2.284000162218977,2.668133631725431
533,534,3.819874178262305,2.3017900985477993,2.6702904492283093
534,535,3.3616116638110465,2.3195800348766213,2.6715826384144457
535,536,3.7023094100587763,2.344878749253537,2.673505636122737
536,537,3.4497130208922386,2.370177463630453,2.674951087491023
537,538,3.6364167417476327,2.3767932191997945,2.676738198372541
538,539,3.2253515842738616,2.383408974769136,2.677756033967905
539,540,3.363638758390051,2.4479298990079013,2.6790261871612793
540,541,3.3258014191771346,2.5124508232466662,2.680221705150218
541,542,3.680989110488995,2.5254191659987644,2.6820681394774115
542,543,3.637620403164508,2.538387508750863,2.683827904235583
543,544,3.9601737649307753,2.541760187759178,2.6861741282442138
544,545,3.7114632543590393,2.545132866767493,2.6880553926958
545,546,3.4970904741427664,2.5512885613992777,2.6895371419292196
546,547,3.424072907838818,2.5574442560310624,2.6908799861082136
547,548,3.192574989886695,2.576949912949173,2.6917954879399257
548,549,2.6930351849000815,2.5964555698672833,2.6917977460400353
549,550,3.1314366222923398,2.606531841412541,2.6925970894514033
550,551,2.837006363879754,2.616608112957799,2.692859175248914
551,552,2.664492886360443,2.6236735745352417,2.692807787044406
552,553,2.351551929398149,2.616608112957799,2.692190687844322
553,554,2.7849478072450022,2.6236735745352417,2.692358119467789
554,555,3.2141754697508547,2.630739036112684,2.6932983309097405
555,556,3.1409004647434933,2.644863788317895,2.694103370718794
556,557,2.7652440809083387,2.6589885405231057,2.6942310919220067
557,558,2.71331800432029,2.661740713441774,2.694265297858205
558,559,2.799224345136233,2.664492886360443,2.694453060017915
559,560,2.8978439475884223,2.6787640356302624,2.694816258031434
560,561,3.1878094250786138,2.6930351849000815,2.69569503373027
561,562,3.0277858967347187,2.703176594610186,2.6962859427391748
562,563,2.92843447789312,2.71331800432029,2.6966982847199095
563,564,3.2694039798782306,2.7295626787009484,2.697713720349623
564,565,3.6787304279228543,2.7458073530816067,2.6994500331063898
565,566,3.7429497884231417,2.7555257169949727,2.701293672250059
566,567,1.9093107128779248,2.7458073530816067,2.6998968769072507
567,568,2.136005188140027,2.7295626787009484,2.698904109849562
568,569,2.101948546032566,2.71331800432029,2.697854978805947
569,570,2.002953149228901,2.703176594610186,2.696635852789145
570,571,1.6263927904598527,2.6930351849000815,2.6947615216817384
571,572,1.4821340960317921,2.6787640356302624,2.692641543664868
572,573,1.1398192919992023,2.664492886360443,2.6899315571872666
573,574,1.1286249273266202,2.661740713441774,2.687211510793781
574,575,1.5052442200700065,2.6589885405231057,2.6851559155055655
575,576,1.781294700323169,2.644863788317895,2.683586712006985
576,577,1.364197052347435,2.630739036112684,2.6813000748152005
577,578,1.5630411751187252,2.6236735745352417,2.679365370836487
578,579,1.3528282466188126,2.616608112957799,2.6770742877203944
579,580,1.7530706103899258,2.606531841412541,2.6754811779318937
580,581,2.062544769108784,2.5964555698672833,2.674426209930477
581,582,2.068935691347493,2.576949912949173,2.6733858482146986
582,583,2.3972793678121573,2.5574442560310624,2.672912252193425
583,584,2.6943892060248316,2.576949912949173,2.6729490277993007
584,585,2.4845868981026866,2.5574442560310624,2.672627041252811
585,586,2.3633568932996716,2.5512885613992777,2.6720992764952114
586,587,2.2722584799541066,2.545132866767493,2.6714181167055333
587,588,1.8541392942779948,2.541760187759178,2.6700281867354185
588,589,2.2372761720832566,2.538387508750863,2.6692934634507797
589,590,2.6005898254708595,2.541760187759178,2.669177016606746
590,591,3.072061710745966,2.545132866767493,2.669858716596829
591,592,2.863329898224905,2.5512885613992777,2.670185526025255
592,593,2.850376052459713,2.5574442560310624,2.6704893886330705
593,594,2.6543768093876605,2.576949912949173,2.670462263078785
594,595,2.7042590529318065,2.5964555698672833,2.6705190644062693
595,596,2.710856841246417,2.5985226976690714,2.6705867452398935
596,597,3.1707772806014716,2.6005898254708595,2.6714245853326264
597,598,3.5569948612255904,2.608598969214329,2.6729054720816112
598,599,3.0700271713580856,2.616608112957799,2.6735684465378324
599,600,3.356523591111383,2.6236735745352417,2.674706705112122
600,601,3.401439343882932,2.630739036112684,2.6759159108338704
601,602,3.309032658701721,2.6425579227501723,2.6769675997838167
602,603,2.810513484099615,2.6543768093876605,2.6771890689120355
603,604,2.4790459542450023,2.6425579227501723,2.676861017397686
604,605,2.534106043191857,2.630739036112684,2.6766250587626352
605,606,2.6485056542507923,2.6396223451817384,2.676578657105025
606,607,2.2550839104690343,2.630739036112684,2.675884267077618
607,608,2.170543802752491,2.6236735745352417,2.675053114998136
608,609,1.8497772158402312,2.616608112957799,2.6736979821587963
609,610,2.0755681498763603,2.608598969214329,2.6727174414501365
610,611,2.3133283181387614,2.6005898254708595,2.6721292432123107
611,612,1.9301817935114247,2.5985226976690714,2.6709169107781587
612,613,2.2276424250667684,2.5964555698672833,2.6701937876367046
613,614,2.4465583217415423,2.576949912949173,2.669829560493553
614,615,2.796595893037085,2.5964555698672833,2.67003568461151
615,616,2.3096003548655246,2.576949912949173,2.6694505623229614
616,617,1.8211999118667577,2.5574442560310624,2.6680757638619306
617,618,2.1974105561739163,2.5512885613992777,2.667314169674733
618,619,2.5977853925469208,2.5574442560310624,2.6672018453174995
619,620,2.5965675199570004,2.576949912949173,2.667087918986273
620,621,2.338673633025704,2.5574442560310624,2.666559071504855
621,622,2.1690312291410496,2.5512885613992777,2.6657591875139164
622,623,2.515917651792792,2.545132866767493,2.6655186714052146
623,624,2.7676075724293066,2.5512885613992777,2.665682275413266
624,625,2.674946290029552,2.5574442560310624,2.665697097836652
625,626,3.07345626788325,2.576949912949173,2.666348470312765
626,627,3.3576761605847563,2.5964555698672833,2.667451066310009
627,628,3.3208805061374687,2.5965115449121416,2.668491559048588
628,629,0.47737650117732067,2.5964555698672833,2.6650080692904456
629,630,0.6772434798961494,2.576949912949173,2.6618528874025182
630,631,0.5420740981813577,2.5574442560310624,2.658493491540044
631,632,0.2730833666340937,2.5512885613992777,2.6547191084310158
632,633,-0.03418116694560053,2.545132866767493,2.6504712406974034
633,634,-0.23658955890369554,2.541760187759178,2.6459175170387264
634,635,-0.4237042619345152,2.538387508750863,2.6410834669930994
635,636,-0.6451549870610913,2.5362467759713603,2.6359164253986744
636,637,-0.9519450999610177,2.534106043191857,2.6302839897230705
637,638,-0.5424954569228001,2.5250118474923244,2.6253109811860083
638,639,-0.2366440437210025,2.515917651792792,2.6208321783301285
639,640,-0.19215523564678416,2.5141842375197294,2.61643688549579
640,641,-0.5385005422496071,2.5124508232466662,2.6115149862325366
641,642,-0.31362841910164324,2.498518860674676,2.606958688093387
642,643,-0.6672355761978277,2.4845868981026866,2.6018666285843803
643,644,-0.3734666256545095,2.4818164261738445,2.5972465458914624
644,645,-0.8501590593604913,2.4790459542450023,2.591901730999599
645,646,-0.8148400186667822,2.4628021379932723,2.586628136959868
646,647,-0.37790467224414886,2.4465583217415423,2.5820461697122576
647,648,-0.45445511729437726,2.42191884477685,2.5773602109360128
648,649,-0.6326963776495564,2.3972793678121573,2.572414052864232
649,650,-0.6102733553460695,2.3903441712906464,2.5675176106977546
650,651,-0.8257000332975735,2.383408974769136,2.5623052948083607
651,652,-0.8174673148208698,2.3767932191997945,2.5571215944868437
652,653,-0.34440753559022735,2.370177463630453,2.552678211439252
653,654,-0.048429776732480334,2.3667671784650626,2.54870098209954
654,655,-0.3422803840195396,2.3633568932996716,2.544287270090198
655,656,-0.8107581594331268,2.35745441134891,2.5391728715695834
656,657,-1.0897811950390184,2.351551929398149,2.533649349398185
657,658,-0.9718953756477919,2.3451127812119266,2.5283217738282064
658,659,-1.2413250292731437,2.338673633025704,2.522601520712726
659,660,-1.6886814256513059,2.329126833951163,2.516220788975811
660,661,-1.4367631461889887,2.3195800348766213,2.5102404804505998
661,662,-0.9986663229687791,2.3164541765076914,2.5049400170013256
662,663,-0.7343413837796059,2.3133283181387614,2.5000542230333305
663,664,-1.0831198373763287,2.311464336502143,2.49465787655681
664,665,-0.9407268134246661,2.3096003548655246,2.4894918845418004
665,666,-0.4522008555862536,2.296800258542251,2.485074928475542
666,667,-0.15149263911250094,2.284000162218977,2.481122053561617
667,668,-0.5379728082424674,2.278129321086542,2.4766024504750836
668,669,-0.39939178229710365,2.2722584799541066,2.4723035054335707
669,670,-0.2879263698446181,2.268227634024254,2.468183759351066
670,671,-0.23346885242621174,2.264196788094402,2.4641574514348554
671,672,0.0767509259642335,2.2596403492817183,2.460604763152905
672,673,-0.17397762581563936,2.2550839104690343,2.456690079068256
673,674,-0.6462685692537473,2.2461800412761455,2.4520862828541286
674,675,-0.660566718479457,2.2372761720832566,2.447474945074375
675,676,-0.7644241375373229,2.2324592985750122,2.4427236150705114
676,677,-0.609691205569588,2.2276424250667684,2.4382148782601125
677,678,-0.8351406577518213,2.219163512272389,2.433386920242396
678,679,-0.3515145736200893,2.2106845994780095,2.429285445288254
679,680,-0.4721867911458122,2.209850260035919,2.4250185743523214
680,681,-0.7304715300759779,2.2090159205938282,2.4203849618641744
681,682,-0.6152075556443417,2.2032132383838725,2.4159339464426077
682,683,-0.3043232925616099,2.1974105561739163,2.411951139357682
683,684,-0.5438654066034071,2.186805192321909,2.407629770138441
684,685,-0.3245920809481079,2.1761998284699016,2.4036411251003584
685,686,-0.7901580792193351,2.1733718156111963,2.3989854411290468
686,687,-0.5561796252181868,2.170543802752491,2.394683890814131
687,688,-0.265414507674038,2.16978751594677,2.3908174687233053
688,689,-0.34030562833907724,2.1690312291410496,2.386853574533084
689,690,-0.1361405071783341,2.1666412953387195,2.3831970613711833
690,691,-0.03693521056254351,2.1642513615363894,2.3796946991831462
691,692,-0.06957639243740005,2.1501282748382082,2.3761552900912086
692,693,-0.3109999813007002,2.136005188140027,2.372277721157021
693,694,-0.23703108176598997,2.1323703437905936,2.368517910201801
694,695,-0.7005217230191174,2.1287354994411603,2.3641020258374543
695,696,-1.1220846317292579,2.119853569590049,2.35909313696164
696,697,-0.8713132814044539,2.1109716397389375,2.3544584075235253
697,698,-0.6643390305931796,2.1064600928857518,2.350133482827083
698,699,-0.5572766199406014,2.101948546032566,2.345974097844582
699,700,-0.7133700942594423,2.101582084410075,2.3416036061415766
700,701,-0.37534527646687055,2.101215622787584,2.3377277874787974
701,702,-0.0697069811815027,2.0993789057484804,2.3342983932214465
702,703,-0.43253687392771123,2.097542188709377,2.3303626389296266
703,704,-0.5475214939664002,2.088199318838573,2.326274735331763
704,705,-0.9960365329214229,2.0788564489677683,2.3215622370789215
705,706,-1.1832040885848492,2.0772122994220643,2.3165979788272733
706,707,-0.9634419336395452,2.0755681498763603,2.3119586012990316
707,708,-0.5226218378457579,2.0739245967214535,2.307954956610974
708,709,-0.2251108152946421,2.072281043566547,2.304382226326199
709,710,-0.07317158970387139,2.071790405021116,2.3010335589796775
710,711,0.276183977239801,2.0712997664756854,2.298185669272589
711,712,0.23883270549526214,2.0701177289115895,2.2952933196043626
712,713,0.10441552672530763,2.068935691347493,2.2922205597265517
713,714,-0.1354412748426978,2.0684202247423036,2.2888204731235136
714,715,-0.365106944413572,2.0679047581371144,2.2851086865255597
715,716,-0.17246046480350202,2.0654698759494927,2.281676327375659
716,717,-0.06224443481482661,2.063034993761871,2.278407260761725
717,718,-0.36888530307464684,2.062789881435328,2.2747202237647386
718,719,0.09737084326787254,2.062544769108784,2.271691921427469
719,720,-0.06326374633146453,2.05533449016267,2.268448927444471
720,721,0.28115335904007815,2.048124211216556,2.265692622911316
721,722,0.17972282517927735,2.046982072599321,2.262803468066812
722,723,0.00850199776173488,2.045839933982086,2.2596854853969566
723,724,0.1962437372341932,2.0457069199567597,2.2568354277337486
724,725,0.18742908702763605,2.045573905931433,2.2539810741603605
725,726,-0.10297823229788461,2.0325156766004833,2.250734573738242
726,727,-0.561720762904556,2.019457447269534,2.2468659969340568
727,728,-0.9186182448175296,2.017033253492536,2.242517804294288
728,729,-1.1057869652680254,2.0146090597155384,2.237924793636452
729,730,-0.9775338879715509,2.0087811044722197,2.2335200557164416
730,731,-1.0933820192795927,2.002953149228901,2.228968890087172
731,732,-0.829681693584783,1.990862515337794,2.224790405683249
732,733,-1.1688036421880015,1.9787718814466868,2.22016067301221
733,734,-1.418656248341763,1.9718115319742473,2.2152031567705834
734,735,-1.3341708208044925,1.9648511825018078,2.2103740765289848
735,736,-1.7225585052898067,1.9639648983767661,2.2050304181297746
736,737,-1.8913362693782523,1.9630786142517247,2.1994722543746756
737,738,-2.1543221001581996,1.9574419659776519,2.19357280402978
738,739,-2.602751768623077,1.9518053177035792,2.1870825136743637
739,740,-2.692759414780337,1.947965369417758,2.1804881326899657
740,741,-2.4838336024618943,1.9441254211319372,2.174193501468438
741,742,-2.5034355530272765,1.9440243138039062,2.167889419184751
742,743,-2.3913463558566987,1.943923206475875,2.161753166459258
743,744,-2.6990853377139605,1.940751121759627,2.1552197813730034
744,745,-2.7722527342959413,1.9375790370433787,2.1486057243049914
745,746,-2.4364629021467326,1.9338804152774016,2.1424595197118927
746,747,-2.73030487559235,1.9301817935114247,2.1359364080715926
747,748,-2.5595384399251753,1.9272713484735164,2.129659035280153
748,749,-2.7879617753594608,1.9243609034356084,2.1230934534234915
749,750,-2.2986654452843918,1.9236296031588695,2.117197774891881
750,751,-1.8900417078880563,1.922898302882131,2.11186190341015
751,752,-1.9395608508100102,1.9196365600402148,2.1064743731518787
752,753,-1.8825302684154164,1.9163748171982988,2.1011768902281505
753,754,-1.8596937601495267,1.912842765038112,2.095923746129506
754,755,-2.0214269745906064,1.9093107128779248,2.0904703014663006
755,756,-1.5984904524855499,1.9034756558736463,2.085590723749433
756,757,-1.600720881530733,1.8976405988693676,2.0807210915099614
757,758,-1.8150492403734724,1.891901374828185,2.075581552813545
758,759,-1.7467673586491026,1.8861621507870023,2.0705455199921183
759,760,-1.8214740822294513,1.877540026656563,2.0654244415681426
760,761,-1.5392839187809795,1.8689179025261238,2.0606876368896287
761,762,-2.0069435767783412,1.8615285984020593,2.0553495381840277
762,763,-2.142349545853887,1.8541392942779948,2.0498479666453147
763,764,-2.133819538292423,1.8519582550591132,2.0443719620576997
764,765,-2.4013916004507974,1.8497772158402312,2.038560506420434
765,766,-2.6338334289547465,1.8354885638534943,2.0324607754343043
766,767,-2.2518357285144925,1.8211999118667577,2.0268749912049056
767,768,-2.0604432335899587,1.8181880438448073,2.021552962266371
768,769,-2.5378312276713886,1.8151761758228568,2.0156239841260093
769,770,-2.3321610405567372,1.8150972098318692,2.00997751006798
770,771,-2.030302169519972,1.8150182438408815,2.0047371991995133
771,772,-2.526731262442148,1.8145420287303236,1.9988674213994593
772,773,-2.119411421212436,1.8140658136197656,1.9935397644232473
773,774,-2.3282168309937328,1.7995365909821985,1.9879560995712873
774,775,-2.078158160824616,1.7850073683446315,1.9827095005256152
775,776,-2.065692571504171,1.7831510343339003,1.9774924875461954
776,777,-2.249424562359084,1.781294700323169,1.9720524398629196
777,778,-2.279296113855611,1.7709169018460584,1.9665879815676515
778,779,-2.5519661523753965,1.7605391033689477,1.9607875269669544
779,780,-2.645934372536946,1.7572568487441511,1.9548814732496418
780,781,-2.212422816671507,1.7539745941193545,1.9495456162843139
781,782,-2.1427754396015795,1.7535226022546402,1.944312469154025
782,783,-1.9067108858498238,1.7530706103899258,1.939394176235757
783,784,-1.9654625851412413,1.7500596890049338,1.9344134915911433
784,785,-2.328159730367851,1.7470487676199415,1.92898346200903
785,786,-2.5785724177667384,1.7228265048211546,1.9232486580907402
786,787,-3.0159280229103658,1.6986042420223677,1.9169727029687567
787,788,-3.492338790464935,1.6704552126353802,1.9101080944745514
788,789,-3.5289413572545514,1.6423061832483927,1.9032144956764159
789,790,-3.257044197601869,1.635980322416524,1.8966825226469497
790,791,-2.8911017355355297,1.629654461584655,1.8906296980474775
791,792,-2.78160646321909,1.6280236260222538,1.8847304099650701
792,793,-3.0758471596000674,1.6263927904598527,1.878474952752504
793,794,-3.197976912308739,1.6262729946010666,1.8720814365496559
794,795,-3.0429911217827468,1.6261531987422801,1.8658989553442062
795,796,-3.341118979128164,1.6256207041892863,1.85935747552703
796,797,-2.8955564323940526,1.6250882096362924,1.8533914605861002
797,798,-3.223098794570906,1.624812042914964,1.847029943975628
798,799,-2.9783762035664036,1.6245358761936357,1.840990637157678
799,800,-2.8765184795358647,1.6228080450744509,1.835093750761811
800,801,-2.782036099220361,1.621080213955266,1.8293295437081505
801,802,-3.0270009067082944,1.620541423134429,1.8232742688323196
802,803,-2.863515759098664,1.620002632313592,1.8174376685484703
803,804,-2.74902228121014,1.6117176586872746,1.8117579919940443
804,805,-2.5919594086320283,1.6034326850609568,1.806287535595751
805,806,-2.3869768947649557,1.5985758925161457,1.8010849742677602
806,807,-2.043017116364581,1.5937190999713344,1.7963215268196409
807,808,-1.7497136889319944,1.5888793360331697,1.7919328693744037
808,809,-1.5655914407283777,1.584039572095005,1.7877826539107413
809,810,-1.79317850038262,1.5827901387409327,1.783361714214083
810,811,-1.805515605166942,1.5815407053868602,1.7789364647450558
811,812,-1.735263775043958,1.5722909402527927,1.7746086319374341
812,813,-1.5149611662553397,1.5630411751187252,1.770562420623544
813,814,-1.5499238408837879,1.5589587956441697,1.7664831991720606
814,815,-1.65684228081805,1.5548764161696145,1.7622827998101096
815,816,-1.3610242067975313,1.5521237828312473,1.758455217694169
816,817,-1.1460525606025866,1.54937114949288,1.7549001286142463
817,818,-0.7794183939396206,1.5345563845825998,1.7518019397113689
818,819,-0.37619532212936163,1.5197416196723195,1.749203652456374
819,820,-0.3205798296758427,1.513637205549662,1.7466795262586519
820,821,-0.6638899860666215,1.5075327914270047,1.7437433879975979
821,822,-1.0658758081980368,1.5063885057485056,1.7403253597783817
822,823,-1.4544134573391467,1.5052442200700065,1.73644353861542
823,824,-1.2509268449278799,1.4985095126275445,1.7328180891208287
824,825,-1.2752480984612435,1.4917748051850825,1.729171948287396
825,826,-1.770108498254397,1.489235927930215,1.7249355312818977
826,827,-1.5987824355702345,1.4866970506753474,1.7209165252760303
827,828,-1.5683146942979163,1.4854923257912511,1.716944023803115
828,829,-1.305559053007915,1.4842876009071546,1.7132980611049111
829,830,-1.6480865758614116,1.4832108484694735,1.709248200096518
830,831,-1.3196299129197775,1.4821340960317921,1.7056033407547413
831,832,-1.3844231393129647,1.4807679920907337,1.7018893666200445
832,833,-1.8666744115142735,1.4794018881496753,1.6976053764902317
833,834,-2.1565631487230466,1.4778922684142235,1.6929840713041246
834,835,-1.8441021946993268,1.476382648678772,1.688748039847833
835,836,-1.7535305546005076,1.4646289622655173,1.6846304817205024
836,837,-1.7126781684831032,1.452875275852263,1.6805715705494109
837,838,-1.920362680467577,1.4522882953037186,1.6762745129706316
838,839,-2.1415420298916517,1.4517013147551743,1.6717240760899852
839,840,-2.1643931235870513,1.4449207698049378,1.6671572698998933
840,841,-1.8837980973022599,1.4381402248547013,1.6629349686309252
841,842,-1.581956226500599,1.4356909494600338,1.6590811786129542
842,843,-1.5278999610118094,1.4332416740653666,1.655300655315653
843,844,-1.4824628047489907,1.4281364686330953,1.651582926097567
844,845,-1.3661439831581372,1.423031263200824,1.6480116516487437
845,846,-1.702496986675534,1.4070941415285938,1.6440512395467057
846,847,-1.4724562594714705,1.3911570198563636,1.6403717737863537
847,848,-0.9921030109028104,1.3882465976136107,1.6372674403138427
848,849,-0.901218816998806,1.3853361753708577,1.6342774682793166
849,850,-1.3400101759230185,1.3747666138591463,1.630778306344961
850,851,-1.4502087471153204,1.364197052347435,1.6271578750247961
851,852,-1.8355909259217231,1.3604222395947223,1.6230936158687557
852,853,-2.167584721853527,1.3566474268420097,1.6186496787788118
853,854,-2.6204465149511833,1.3547378367304113,1.6136858659055915
854,855,-2.6211855976151144,1.3528282466188126,1.608732799866386
855,856,-2.6613544966584914,1.3499355696950162,1.6037443801274551
856,857,-2.6265037819966257,1.3470428927712197,1.598808267919609
857,858,-2.193187954296953,1.34466178421426,1.5943886919030394
858,859,-2.662227076485843,1.3422806756573002,1.5894333766895485
859,860,-2.2398857183934844,1.3297498206022362,1.584980680067359
860,861,-2.739308365467614,1.3172189655471722,1.5799582769947282
861,862,-3.2168167931946927,1.314848883712107,1.5743935727369678
862,863,-2.998323534326253,1.3124788018770421,1.5690949434124448
863,864,-3.0723865093173846,1.2993999090345487,1.5637228583977114
864,865,-3.0019052872369314,1.2863210161920555,1.558444675570388
865,866,-2.995401144109247,1.2772470962552176,1.5531861930996262
866,867,-2.6968484931879932,1.26817317631838,1.5482841923080601
867,868,-2.4735189277891023,1.244581448119796,1.5436507785752294
868,869,-2.492606471368518,1.2209897199212123,1.5390060636731075
869,870,-2.0345355072254288,1.2204692705435898,1.5348985446260976
870,871,-1.822408331547277,1.219948821165967,1.5310440017143028
871,872,-2.177369028157263,1.209457737676202,1.5267912344782115
872,873,-2.4248895964386628,1.1989666541864366,1.5222646814072875
873,874,-2.668715006133204,1.188821009689199,1.5174695101400786
874,875,-2.5653625419127906,1.1786753651919613,1.512803416366304
875,876,-2.291494247902686,1.1706954078232852,1.5084606108134857
876,877,-2.3233997145020755,1.162715450454609,1.504091328800583
877,878,-2.4780641064771634,1.1584182087490982,1.4995558442501529
878,879,-2.45432157403791,1.1541209670435875,1.495057690190667
879,880,4.332768344704303,1.1584182087490982,1.498282361388978
880,881,3.957831351765916,1.162715450454609,1.5010741309580777
881,882,3.791204205322159,1.1706954078232852,1.5036706503167672
882,883,4.244002786057165,1.1786753651919613,1.5067740842190778
883,884,4.537156063646232,1.188821009689199,1.510202118132457
884,885,4.504263230692273,1.1989666541864366,1.5135852380336545
885,886,4.9681833467884795,1.209457737676202,1.5174843329645291
886,887,4.886197946213671,1.219948821165967,1.5212822062601876
887,888,5.36058111074971,1.2204692705435898,1.5256057410625408
888,889,5.516298906160246,1.2209897199212123,1.5300947097521895
889,890,5.552850161537387,1.244581448119796,1.5346146596980157
890,891,5.553705193056783,1.26817317631838,1.5391254234840526
891,892,5.846982420230665,1.2772470962552176,1.54395485957906
892,893,6.060414224936654,1.2863210161920555,1.5490124848482176
893,894,5.843262949492267,1.2993999090345487,1.5538158970010634
894,895,6.2341993602517904,1.3124788018770421,1.5590453757309524
895,896,5.938054051044154,1.314848883712107,1.5639326621989358
896,897,5.449291802380309,1.3172189655471722,1.568264166257109
897,898,5.7385612090077815,1.3297498206022362,1.5729081496009292
898,899,5.466010831545466,1.3422806756573002,1.5772386308934148
899,900,5.143050230746213,1.34466178421426,1.5812006437821402
900,901,5.431603882643536,1.3470428927712197,1.5854741212947498
901,902,4.984921225691782,1.3499355696950162,1.5892429096588263
902,903,5.265576472749949,1.3528282466188126,1.593314153914741
903,904,5.651681747367008,1.3547378367304113,1.5978034985977636
904,905,5.6172343973593355,1.3566474268420097,1.6022448587068925
905,906,5.397332251347425,1.3604222395947223,1.606433696888615
906,907,4.922146469551241,1.364197052347435,1.6100893890304704
907,908,4.58891588919633,1.3747666138591463,1.6133700349557631
908,909,4.865618961075855,1.3853361753708577,1.6169478665576555
909,910,5.007192416431387,1.3882465976136107,1.620673410019055
910,911,4.611346852654502,1.3911570198563636,1.623956256827656
911,912,4.392473359686726,1.4070941415285938,1.6269919115457032
912,913,4.47357151858699,1.423031263200824,1.6301097424406006
913,914,4.068357893722244,1.4281364686330953,1.632777410002178
914,915,4.15037794135584,1.4332416740653666,1.6355288859927284
915,916,4.226782327028121,1.4356909494600338,1.6383577652951689
916,917,4.458170570981121,1.4381402248547013,1.6414328065227435
917,918,4.061831948579032,1.4449207698049378,1.6440694068953539
918,919,3.774849778505794,1.4517013147551743,1.6463879927186513
919,920,3.52513247377071,1.4522882953037186,1.6484301062850124
920,921,3.3404496415904466,1.452875275852263,1.650267261046473
921,922,3.093055092856552,1.4646289622655173,1.6518321068510393
922,923,3.1149023808580716,1.476382648678772,1.653417231741621
923,924,2.8319289721624856,1.4778922684142235,1.6546926773481372
924,925,2.6717223779197683,1.4794018881496753,1.6557921689163229
925,926,2.8324672398005784,1.4807679920907337,1.6570628763362842
926,927,3.1641537633238945,1.4821340960317921,1.6586886485984067
927,928,2.998250122080896,1.4832108484694735,1.6601321415655215
928,929,3.4064041810116326,1.4842876009071546,1.6620118746542685
929,930,3.861121680302628,1.4854923257912511,1.6643765088538904
930,931,4.121006819191278,1.4866970506753474,1.6670152095094624
931,932,4.091748386923848,1.489235927930215,1.6696168545496066
932,933,3.785976574098198,1.4917748051850825,1.6718851929414056
933,934,3.498282758689186,1.4985095126275445,1.6738406507205787
934,935,3.7080175998253235,1.5052442200700065,1.6760162410404769
935,936,3.5226347428877722,1.5063885057485056,1.677989124055271
936,937,3.775917154034626,1.5075327914270047,1.6802281080787282
937,938,4.159427417510365,1.513637205549662,1.682871177704988
938,939,4.165676035330871,1.5197416196723195,1.6855152723350473
939,940,3.9668732918501184,1.5345563845825998,1.6879422489515528
940,941,3.549590009550816,1.54937114949288,1.6899206206418815
941,942,3.5736563534205437,1.5521237828312473,1.69192034010343
942,943,3.855589259253717,1.5548764161696145,1.6942147928278737
943,944,4.084785691230715,1.5589587956441697,1.6967471772541478
944,945,3.7892498777715735,1.5630411751187252,1.698961465826124
945,946,4.232583101457054,1.5722909402527927,1.7016397127982499
946,947,4.586085303568358,1.5815407053868602,1.7046855898740365
947,948,4.938143383148393,1.5827901387409327,1.708096410331077
948,949,4.5725543414097265,1.584039572095005,1.7111148064649848
949,950,4.553134055586384,1.5888793360331697,1.7141064056745865
950,951,4.580294429418218,1.5937190999713344,1.71712027320744
951,952,4.999049426611829,1.5985758925161457,1.7205676777803438
952,953,5.2978227873997445,1.6034326850609568,1.724321355754761
953,954,5.444421767942087,1.6117176586872746,1.7282208320778083
954,955,5.551533816000169,1.620002632313592,1.7322243011709206
955,956,5.17880702878477,1.620541423134429,1.7358295132290942
956,957,5.566295748296461,1.621080213955266,1.7398320902772313
957,958,5.981253248292863,1.6228080450744509,1.744259461005849
958,959,5.601074657749854,1.6245358761936357,1.7482811661119428
959,960,5.214429887647647,1.624812042914964,1.751891737696876
960,961,5.23226631749891,1.6250882096362924,1.7555133553657645
961,962,5.098809881337688,1.6256207041892863,1.7589887155798727
962,963,5.444571197344319,1.6261531987422801,1.7628159040344569
963,964,5.4610177783267915,1.6262729946010666,1.7666522130326854
964,965,5.733797509405365,1.6263927904598527,1.7707632444278902
965,966,5.837756411669945,1.6280236260222538,1.774973382282178
966,967,5.450108400585991,1.629654461584655,1.7787739355586039
967,968,5.408762145106183,1.635980322416524,1.7825239233783845
968,969,5.781883955830523,1.6423061832483927,1.786651229913423
969,970,5.378916594581868,1.6704552126353802,1.7903545962687513
970,971,5.297112645059815,1.6986042420223677,1.7939660875651375
971,972,5.267654658238718,1.7228265048211546,1.79753984123867
972,973,4.801502536442664,1.7470487676199415,1.8006271615831757
973,974,5.009440538693876,1.7500596890049338,1.8039216311695319
974,975,4.8516073805224575,1.7530706103899258,1.8070474627073296
975,976,4.944403860165495,1.7535226022546402,1.810261967212922
976,977,5.0366406122933345,1.7539745941193545,1.8135642995006194
977,978,5.370009415457348,1.7572568487441511,1.8172007464494504
978,979,5.395988570625616,1.7605391033689477,1.8208563009174548
979,980,5.320343537963956,1.7709169018460584,1.8244272062613796
980,981,5.0828603853546985,1.781294700323169,1.8277487487477133
981,982,5.414376218579975,1.7831510343339003,1.8314011188799253
982,983,5.326785791815853,1.7850073683446315,1.8349569527282834
983,984,5.037185755688927,1.7995365909821985,1.8382112502922676
984,985,4.613966105708708,1.8140658136197656,1.841029275526193
985,986,4.663368822777803,1.8145420287303236,1.8438916888601196
986,987,4.938749225535308,1.8150182438408815,1.8470273094646537
987,988,5.436152156557966,1.8150972098318692,1.8506600269212257
988,989,5.9069878442068795,1.8151761758228568,1.854761470619189
989,990,6.310823115430957,1.8181880438448073,1.859262542987686
990,991,6.627190293563628,1.8211999118667577,1.8640737717975506
991,992,7.091930566211076,1.8354885638534943,1.869343788727403
992,993,6.84741399663449,1.8497772158402312,1.8743569510717202
993,994,6.89436932745372,1.8519582550591132,1.8794072653336737
994,995,6.753699521468136,1.8541392942779948,1.8843060515207437
995,996,6.607659618782511,1.8615285984020593,1.8890483743794402
996,997,6.1441329224956895,1.8689179025261238,1.8933162625921947
997,998,6.414926684840778,1.877540026656563,1.8978469343579747
998,999,6.006288491809316,1.8861621507870023,1.9019594884695377
999,1000,3.157804828142772,1.891901374828185,1.903215333809211
